<!DOCTYPE html>
<html lang="en">
<head>
<meta charset="utf-8"/>
<style>body{background-color:white;}</style>
<link href="11_correlation_files/htmltools-fill-0.5.8.1/fill.css" rel="stylesheet" />
<script src="11_correlation_files/htmlwidgets-1.6.4/htmlwidgets.js"></script>
<script src="11_correlation_files/plotly-binding-4.10.4/plotly.js"></script>
<script src="11_correlation_files/typedarray-0.1/typedarray.min.js"></script>
<script src="11_correlation_files/jquery-3.5.1/jquery.min.js"></script>
<link href="11_correlation_files/crosstalk-1.2.1/css/crosstalk.min.css" rel="stylesheet" />
<script src="11_correlation_files/crosstalk-1.2.1/js/crosstalk.min.js"></script>
<link href="11_correlation_files/plotly-htmlwidgets-css-2.11.1/plotly-htmlwidgets.css" rel="stylesheet" />
<script src="11_correlation_files/plotly-main-2.11.1/plotly-latest.min.js"></script>
  <title>plotly</title>
</head>
<body>
<div id="htmlwidget_container">
  <div class="plotly html-widget html-fill-item" id="htmlwidget-f039555a55b17ac7e004" style="width:100%;height:400px;"></div>
</div>
<script type="application/json" data-for="htmlwidget-f039555a55b17ac7e004">{"x":{"visdat":{"70f14765be96":["function () ","plotlyVisDat"]},"cur_data":"70f14765be96","attrs":{"70f14765be96":{"z":[[1,0.26848791194710037,0.7026659255347627,0.89684906114191199,0.75383093265775203,0.65814080391843355,0.65669447524598201,0.29257792651093378,0.51677058729611969,0.43398341291882614,0.65266818206593913,0.58775977157752191,0.50721824376952818,0.50071864942537336,0.78879352249138646,0.66444604889915548,0.47459915888100568,0.68715234523978919,0.51473640046285751,0.51560098915934538,0.58294622613077185,0.58357061028971569,0.24811106885711307,0.097526740317080807,0.17010324616728445,0.021485810387430082,0.23384055011691085,0.33206267536841116,0.69944037497418055,0.45022050938009239,-0.45477144904044353,-0.41168455255011127,-0.53346771777992341,-0.39738087077220624,-0.41875117067161499,-0.13191212461074575,-0.19232380818654071,-0.78674573495297362],[0.26848791194710037,1,0.86381745105330698,0.65881224838342967,0.78458551940996546,0.87900890353920602,0.8834805469404291,0.45556094852799134,0.34565766217599742,0.69975373636944027,0.53799154739580468,0.56943612753347139,0.55750244014934791,0.55868879869803345,0.57562026973491665,0.78755122471919059,0.90392625780760827,0.61075747646312561,0.71956471288824564,0.68798847942245911,0.47576424929682465,0.41028499815249653,0.54782683434785406,0.63821647700291595,-0.38064582443203848,0.049458141514443714,-0.046513344746373871,-0.024939514490435008,-0.023392970882993473,0.46154997768828987,-0.89781087460971432,-0.47013783285543437,-0.51832780535413758,-0.23396487064644761,-0.2061337476104865,-0.35041592395452342,-0.26386821472088912,-0.40769964906438727],[0.7026659255347627,0.86381745105330698,1,0.93481865697572641,0.94102105521003121,0.95119581094046357,0.955447861581177,0.58670243614786632,0.59719981838732517,0.80711555877868302,0.75501170962322417,0.73654141786022775,0.68882163753084069,0.69800186194258362,0.82536170042673129,0.92910566750387735,0.91998184209703893,0.84893136170800931,0.83674266338369896,0.80253786188495368,0.59507523708188381,0.55625484580397577,0.53686102032421457,0.51438352585103508,-0.25650459262376651,-0.055269940024738257,0.0013268450763125289,0.035915850325900001,0.33485927163150514,0.49526750178798501,-0.88620069858454431,-0.58639754750065698,-0.67363790682706359,-0.38501056820692492,-0.41669120386749764,-0.37052028440062801,-0.22024058008431319,-0.6518730748004371],[0.89684906114191199,0.65881224838342967,0.93481865697572641,1,0.91761674278184691,0.90184480030243808,0.90331104611659807,0.43849574434856253,0.5996700943542107,0.67192719792081412,0.80131771258178075,0.76970663298451891,0.70648520322422892,0.69956930521681948,0.91282026166574093,0.90234469191783562,0.80240990976930127,0.84017531777195209,0.76255192583404963,0.75817572415816314,0.71957975467808,0.69647584766099802,0.51023481746086408,0.42879079826625333,-0.10130877393166304,-0.011365708346671334,0.099227037306087812,0.23758087750787277,0.47385237775216338,0.5040120601157313,-0.72484949858062075,-0.59907810413915052,-0.70994205019620027,-0.49135450501294736,-0.48686290374034913,-0.33431784447027252,-0.33189230780807,-0.83203436432578226],[0.75383093265775203,0.78458551940996546,0.94102105521003121,0.91761674278184691,0.99999999999999989,0.96630738453285392,0.96540998141053913,0.36179267502429691,0.33915837938269366,0.58091819247364129,0.55013838096283896,0.52529680921478006,0.45644275515275523,0.45158419498692842,0.70317206448338099,0.780403011116381,0.7544879552338799,0.65620617498432832,0.60658741952023965,0.57033861920637718,0.52705794852938126,0.463740048265188,0.2831505071600745,0.27513806515210565,0.080261954992866008,0.25773568405530456,0.3385259437422849,0.28671423613996105,0.55864236729199135,0.75113952599346556,-0.91793912500957131,-0.32184328685096403,-0.44518033920740857,-0.154458478594177,-0.14319550053472319,-0.056015229522286408,-0.15175615410252058,-0.64314934482876596],[0.65814080391843355,0.87900890353920602,0.95119581094046357,0.90184480030243808,0.96630738453285392,1,0.99986790404388148,0.31787100179742023,0.35033459987580601,0.6018955494057785,0.62726769180472908,0.63132737722258792,0.58039487238429655,0.56265296980557622,0.76207531814732754,0.85267851192324073,0.853526882985573,0.67512945432329841,0.68077107677630588,0.66925710372864711,0.66444865427607136,0.59941501076832449,0.46984812368143053,0.49009425356969055,-0.079789839769923585,0.2249611892723368,0.22761735024711582,0.3047827871804637,0.33728859072814327,0.68487841931479532,-0.90121637666893917,-0.45334403649810912,-0.56227066025620986,-0.29531491905250024,-0.22849925707234769,-0.21267700846611473,-0.35328559567148526,-0.7097080774073482],[0.65669447524598201,0.8834805469404291,0.955447861581177,0.90331104611659807,0.96540998141053913,0.99986790404388148,1,0.33195213163338633,0.36316635666502811,0.6145402826201033,0.63561553009567018,0.63939654911163879,0.58916638105029739,0.57259327521823955,0.76649649533926822,0.85932302247273418,0.86124873144230252,0.68495400923365424,0.69172216793554775,0.67936929292224901,0.66372417578676535,0.59972661528356819,0.47843077208010848,0.49786161967017661,-0.09409347374441257,0.21003752154869712,0.21292718111185294,0.29013385309082046,0.33071105895475966,0.67443987362191926,-0.90257699400850511,-0.46344771522541278,-0.57081472037391623,-0.30239130411456167,-0.23941504096382496,-0.22488375051561579,-0.35078839814189661,-0.70731550966314338],[0.29257792651093378,0.45556094852799134,0.58670243614786632,0.43849574434856253,0.36179267502429691,0.31787100179742023,0.33195213163338633,0.99999999999999978,0.84545472895394858,0.92446233527301747,0.58939705458699454,0.5322213538849504,0.52735392267065639,0.60822019632554147,0.44001928578585825,0.58930775651506284,0.61763142474309207,0.78405354825502116,0.77177036003278909,0.67977589090679436,-0.011831946985818144,0.024412034590253658,0.38372457839965168,0.3065365011734163,-0.61525304952810866,-0.72132125976788064,-0.59277622647028161,-0.76537397670621843,0.075154354604291151,-0.24053694845179241,-0.45145193982380538,-0.54495781638373209,-0.51656608714265229,-0.29183069292763314,-0.57304175936620505,-0.54094517547893839,0.32515360995535553,-0.012900104963674832],[0.51677058729611969,0.34565766217599742,0.59719981838732517,0.5996700943542107,0.33915837938269366,0.35033459987580601,0.36316635666502811,0.84545472895394858,1,0.88358090192468253,0.88222895791111744,0.83941211273316529,0.83533864472264097,0.88200288325603016,0.75129885799504648,0.75771151818126425,0.68263126375758276,0.92703735164249146,0.8908129572834077,0.87175065729837953,0.41121760593736756,0.4752660389695384,0.6924921395703858,0.55065058505974285,-0.70210733130798131,-0.80665447341068086,-0.69040658372474317,-0.51911915255773811,-0.022279605024885966,-0.35600064018050936,-0.24144445862508057,-0.85742151005178502,-0.84267441821803268,-0.73180457408740107,-0.9099220969321381,-0.80824064872184775,-0.12395317611604205,-0.42239706400656968],[0.43398341291882614,0.69975373636944027,0.80711555877868302,0.67192719792081412,0.58091819247364129,0.6018955494057785,0.6145402826201033,0.92446233527301747,0.88358090192468253,1,0.80240549968252017,0.77287372590078873,0.7644057550175497,0.8170167560905639,0.70249914600026253,0.84463111461377161,0.86819057307099734,0.92791338331125772,0.94772689919470676,0.8903929807154547,0.34069718161488977,0.35725454694157921,0.64259948935154854,0.58622216718607945,-0.67789358541708711,-0.60508163854892671,-0.53965962064411721,-0.53305286881237257,0.016660492455944871,-0.069753960854366096,-0.61891036803873922,-0.74772800647074333,-0.74852256703934739,-0.50492934810453072,-0.68264962329516921,-0.68043117900331018,-0.014906337324160628,-0.33114896831683333],[0.65266818206593913,0.53799154739580468,0.75501170962322417,0.80131771258178075,0.55013838096283896,0.62726769180472908,0.63561553009567018,0.58939705458699454,0.88222895791111744,0.80240549968252017,1,0.99263702965144962,0.98004332729181798,0.98255024094121446,0.96091406297375315,0.93360512811811369,0.84444019960275196,0.94755183645943142,0.93826257612989206,0.968259199921225,0.78651036660508,0.81927190342359679,0.87251200804968532,0.76496717215775212,-0.61764070050053932,-0.52053175814643604,-0.48235237550687171,-0.11172870220471245,-0.04146676733395302,-0.080775086459362017,-0.37628271964842097,-0.95487798273145119,-0.98429700421909372,-0.88014362290499681,-0.90066161954229784,-0.8242721711305685,-0.52238318419605179,-0.77173603518989953],[0.58775977157752191,0.56943612753347139,0.73654141786022775,0.76970663298451891,0.52529680921478006,0.63132737722258792,0.63939654911163879,0.5322213538849504,0.83941211273316529,0.77287372590078873,0.99263702965144962,1,0.99515940247431234,0.98988655393163705,0.95263335096797508,0.93269768647347973,0.8598572241725696,0.91393378376735424,0.93099398849583681,0.97212903551701302,0.82780548087060268,0.85602881069750369,0.92150192286684129,0.83399635550381346,-0.65372547904379374,-0.49345898151067447,-0.49524820432540645,-0.078531929925886007,-0.13486883148332174,-0.087149163546241457,-0.36482635957834297,-0.97137164936377074,-0.99576128909038208,-0.90477386441110119,-0.89256244243864158,-0.85304742082493545,-0.60367604782874906,-0.78169115815160872],[0.50721824376952818,0.55750244014934791,0.68882163753084069,0.70648520322422892,0.45644275515275523,0.58039487238429655,0.58916638105029739,0.52735392267065639,0.83533864472264097,0.7644057550175497,0.98004332729181798,0.99515940247431234,1,0.99495381574693953,0.91951182200001658,0.90750936651165359,0.84879589273302347,0.88866803286849827,0.92530619553028093,0.97059861374970169,0.81256846511976433,0.8446179579140829,0.95219479096686044,0.8736471692263128,-0.71724716193943772,-0.53659490157630885,-0.56203252033616458,-0.12360900754582567,-0.23019631751731576,-0.16017247673893584,-0.31620911876652785,-0.98803923941537497,-0.99846712535483961,-0.92401797717887635,-0.90856489958646303,-0.89702946837695885,-0.62329165936409636,-0.73966135199222793],[0.50071864942537336,0.55868879869803345,0.69800186194258362,0.69956930521681948,0.45158419498692842,0.56265296980557622,0.57259327521823955,0.60822019632554147,0.88200288325603016,0.8170167560905639,0.98255024094121446,0.98988655393163705,0.99495381574693953,1,0.90482594095714253,0.90791575734343954,0.8548559072872135,0.9174408195147179,0.94992888991816349,0.98246710179368446,0.75292163549526525,0.78920686551692665,0.93496656303343262,0.8505122774011642,-0.74803166283216471,-0.59782984218998669,-0.6062916329828012,-0.21269877016073344,-0.21564423075857803,-0.19605943471393569,-0.32975773109914797,-0.98867026229062571,-0.99282752327625157,-0.90278831187829645,-0.9226200200488156,-0.90731895176835087,-0.54405718458939945,-0.68629334825505073],[0.78879352249138646,0.57562026973491665,0.82536170042673129,0.91282026166574093,0.70317206448338099,0.76207531814732754,0.76649649533926822,0.44001928578585825,0.75129885799504648,0.70249914600026253,0.96091406297375315,0.95263335096797508,0.91951182200001658,0.90482594095714253,1,0.94788747829315967,0.83588363858700288,0.90233555442309277,0.86638026800411716,0.90340704615788214,0.87163613887655289,0.88174697498496335,0.78682533510296393,0.68644743408310627,-0.39715865726273819,-0.274267291988668,-0.22375590986148641,0.13943840061521237,0.1399064289312057,0.17205174401493131,-0.48063649612459691,-0.85651346961329933,-0.92624874035714178,-0.80367477727558978,-0.76938127998060213,-0.65674775906746208,-0.57715090468267338,-0.90045153385496168],[0.66444604889915548,0.78755122471919059,0.92910566750387735,0.90234469191783562,0.780403011116381,0.85267851192324073,0.85932302247273418,0.58930775651506284,0.75771151818126425,0.84463111461377161,0.93360512811811369,0.93269768647347973,0.90750936651165359,0.90791575734343954,0.94788747829315967,1,0.96487732242963287,0.93612677440020009,0.94956854074566599,0.95540679523823768,0.77086841905235903,0.76311061004397174,0.79864806283875089,0.7482716180196245,-0.50600719027762742,-0.28796346493561903,-0.27304809467346602,-0.021265609695772666,0.072981601350119316,0.21683588493726613,-0.67484487401263116,-0.84039165919061698,-0.89777195063415338,-0.69505194559692651,-0.69704373931924224,-0.66684967071155055,-0.46216889422429891,-0.76468187840337076],[0.47459915888100568,0.90392625780760827,0.91998184209703893,0.80240990976930127,0.7544879552338799,0.853526882985573,0.86124873144230252,0.61763142474309207,0.68263126375758276,0.86819057307099734,0.84444019960275196,0.8598572241725696,0.84879589273302347,0.8548559072872135,0.83588363858700288,0.96487732242963287,1,0.87081887787332579,0.93922430874497154,0.93051465825941015,0.67177554621106284,0.64953134246897648,0.79095728397693454,0.79424637602015979,-0.58434742613469648,-0.26827384547159822,-0.31004932628883858,-0.12039739040848332,-0.05758283565274018,0.21703638025101399,-0.75158529894853621,-0.78624985814474624,-0.8252224738586712,-0.59064863389596822,-0.59630789935129136,-0.65589509320372474,-0.40605933760399793,-0.61583304235428804],[0.68715234523978919,0.61075747646312561,0.84893136170800931,0.84017531777195209,0.65620617498432832,0.67512945432329841,0.68495400923365424,0.78405354825502116,0.92703735164249146,0.92791338331125772,0.94755183645943142,0.91393378376735424,0.88866803286849827,0.9174408195147179,0.90233555442309277,0.93612677440020009,0.87081887787332579,1,0.96807498669696757,0.94975843332028886,0.59609287058257665,0.62121313045618987,0.72722809354470097,0.61936037815076794,-0.56944339539409028,-0.53909636782872006,-0.44110246118657187,-0.27192183648582569,0.13369692530604976,-0.00066681296712712971,-0.54363637948884047,-0.8541605063796156,-0.8885127238874001,-0.6975322819731985,-0.80955042944181999,-0.71441815739456327,-0.24216951931327158,-0.62867282017699833],[0.51473640046285751,0.71956471288824564,0.83674266338369896,0.76255192583404963,0.60658741952023965,0.68077107677630588,0.69172216793554775,0.77177036003278909,0.8908129572834077,0.94772689919470676,0.93826257612989206,0.93099398849583681,0.92530619553028093,0.94992888991816349,0.86638026800411716,0.94956854074566599,0.93922430874497154,0.96807498669696757,1,0.98869895286915754,0.61499288352712966,0.6324120052796135,0.83152840107092751,0.76966170949260515,-0.71210221374075633,-0.55562714079985209,-0.53608584283252803,-0.32373088980509102,-0.079075897510439142,-0.054021400823927909,-0.56208601487786769,-0.90017660774096542,-0.91362880274297875,-0.72333503460899107,-0.80565915120405673,-0.80357567804849106,-0.32781760370627855,-0.5761944387189234],[0.51560098915934538,0.68798847942245911,0.80253786188495368,0.75817572415816314,0.57033861920637718,0.66925710372864711,0.67936929292224901,0.67977589090679436,0.87175065729837953,0.8903929807154547,0.968259199921225,0.97212903551701302,0.97059861374970169,0.98246710179368446,0.90340704615788214,0.95540679523823768,0.93051465825941015,0.94975843332028886,0.98869895286915754,1,0.71187110441591661,0.73227159953342114,0.8974948302226996,0.83378411251637596,-0.72393062315257428,-0.53897610500812376,-0.54356729141617188,-0.23733985272483868,-0.14475352845098957,-0.078170699485425446,-0.49177393777806311,-0.94754421436582148,-0.96148661771995014,-0.80963380591719791,-0.84835652273658557,-0.84958611868959877,-0.46058277130648739,-0.65550482502866214],[0.58294622613077185,0.47576424929682465,0.59507523708188381,0.71957975467808,0.52705794852938126,0.66444865427607136,0.66372417578676535,-0.011831946985818144,0.41121760593736756,0.34069718161488977,0.78651036660508,0.82780548087060268,0.81256846511976433,0.75292163549526525,0.87163613887655289,0.77086841905235903,0.67177554621106284,0.59609287058257665,0.61499288352712966,0.71187110441591661,1,0.99309874810017729,0.79528931354313093,0.75276319362125355,-0.28543551502090841,-0.003079323270053756,-0.075907532293669366,0.47281444245944582,-0.087900490495340072,0.21590233069518952,-0.28345028044871268,-0.74848748595911097,-0.81743452790193394,-0.8075768139454752,-0.60716562952190767,-0.57224166117280773,-0.89155507654171762,-0.95526595434783745],[0.58357061028971569,0.41028499815249653,0.55625484580397577,0.69647584766099802,0.463740048265188,0.59941501076832449,0.59972661528356819,0.024412034590253658,0.4752660389695384,0.35725454694157921,0.81927190342359679,0.85602881069750369,0.8446179579140829,0.78920686551692665,0.88174697498496335,0.76311061004397174,0.64953134246897648,0.62121313045618987,0.6324120052796135,0.73227159953342114,0.99309874810017729,1,0.8226696301264268,0.76027054861098231,-0.3384109071782706,-0.10025353441845938,-0.16039856262960372,0.41226396011301897,-0.11896322579884282,0.11373997347485997,-0.20509979173422285,-0.79472583642538641,-0.85333983915506584,-0.86566852197879984,-0.68336482181638347,-0.63340602827471759,-0.88813139784102391,-0.9472250908124884],[0.24811106885711307,0.54782683434785406,0.53686102032421457,0.51023481746086408,0.2831505071600745,0.46984812368143053,0.47843077208010848,0.38372457839965168,0.6924921395703858,0.64259948935154854,0.87251200804968532,0.92150192286684129,0.95219479096686044,0.93496656303343262,0.78682533510296393,0.79864806283875089,0.79095728397693454,0.72722809354470097,0.83152840107092751,0.8974948302226996,0.79528931354313093,0.8226696301264268,0.99999999999999989,0.9730899277269619,-0.80774455540748713,-0.5091128655942726,-0.6313007482272317,-0.12108606205200786,-0.4984503441854678,-0.25960725676388202,-0.20393256720805406,-0.95991358233219237,-0.94183778760054826,-0.91830272128943047,-0.84539653321411645,-0.93431121104528125,-0.73562334848963151,-0.6392870156272471],[0.097526740317080807,0.63821647700291595,0.51438352585103508,0.42879079826625333,0.27513806515210565,0.49009425356969055,0.49786161967017661,0.3065365011734163,0.55065058505974285,0.58622216718607945,0.76496717215775212,0.83399635550381346,0.8736471692263128,0.8505122774011642,0.68644743408310627,0.7482716180196245,0.79424637602015979,0.61936037815076794,0.76966170949260515,0.83378411251637596,0.75276319362125355,0.76027054861098231,0.9730899277269619,1,-0.80116045841394645,-0.39374176961407281,-0.57645790609894354,-0.09332263735159603,-0.59192975732660857,-0.19045896842924062,-0.26500710881705969,-0.87556903740025793,-0.85232019423311745,-0.81388868985647533,-0.70722278395239024,-0.8714751925713079,-0.74678530548229094,-0.55663912289450157],[0.17010324616728445,-0.38064582443203848,-0.25650459262376651,-0.10130877393166304,0.080261954992866008,-0.079789839769923585,-0.09409347374441257,-0.61525304952810866,-0.70210733130798131,-0.67789358541708711,-0.61764070050053932,-0.65372547904379374,-0.71724716193943772,-0.74803166283216471,-0.39715865726273819,-0.50600719027762742,-0.58434742613469648,-0.56944339539409028,-0.71210221374075633,-0.72393062315257428,-0.28543551502090841,-0.3384109071782706,-0.80774455540748713,-0.80116045841394645,1,0.81505745918676509,0.93338300426492149,0.65300841119630482,0.70305496658734612,0.63832471313923955,0.023838606956023644,0.79427813960565385,0.69756999545528275,0.67753630176112267,0.75856319846291476,0.92660590654908093,0.29828058579212086,0.084208889298234224],[0.021485810387430082,0.049458141514443714,-0.055269940024738257,-0.011365708346671334,0.25773568405530456,0.2249611892723368,0.21003752154869712,-0.72132125976788064,-0.80665447341068086,-0.60508163854892671,-0.52053175814643604,-0.49345898151067447,-0.53659490157630885,-0.59782984218998669,-0.274267291988668,-0.28796346493561903,-0.26827384547159822,-0.53909636782872006,-0.55562714079985209,-0.53897610500812376,-0.003079323270053756,-0.10025353441845938,-0.5091128655942726,-0.39374176961407281,0.81505745918676509,1,0.94412195955728018,0.81377009652796917,0.39882583635350588,0.82277971719657661,-0.23993025584099339,0.64398647530530329,0.54296651861781087,0.57077362549746069,0.78841001564446578,0.77913107925651248,-0.062316797396750653,-0.07250393264441983],[0.23384055011691085,-0.046513344746373871,0.0013268450763125289,0.099227037306087812,0.3385259437422849,0.22761735024711582,0.21292718111185294,-0.59277622647028161,-0.69040658372474317,-0.53965962064411721,-0.48235237550687171,-0.49524820432540645,-0.56203252033616458,-0.6062916329828012,-0.22375590986148641,-0.27304809467346602,-0.31004932628883858,-0.44110246118657187,-0.53608584283252803,-0.54356729141617188,-0.075907532293669366,-0.16039856262960372,-0.6313007482272317,-0.57645790609894354,0.93338300426492149,0.94412195955728018,1,0.76872893373058193,0.67006587336733325,0.85659520698667579,-0.26257698255606093,0.6766393196108037,0.55636548503607808,0.61241331726125736,0.75329798812609761,0.85660783237032678,0.12203813519025511,-0.090610940200507042],[0.33206267536841116,-0.024939514490435008,0.035915850325900001,0.23758087750787277,0.28671423613996105,0.3047827871804637,0.29013385309082046,-0.76537397670621843,-0.51911915255773811,-0.53305286881237257,-0.11172870220471245,-0.078531929925886007,-0.12360900754582567,-0.21269877016073344,0.13943840061521237,-0.021265609695772666,-0.12039739040848332,-0.27192183648582569,-0.32373088980509102,-0.23733985272483868,0.47281444245944582,0.41226396011301897,-0.12108606205200786,-0.09332263735159603,0.65300841119630482,0.81377009652796917,0.76872893373058193,0.99999999999999978,0.32190311194284588,0.66940559804231725,-0.061615166394036296,0.22506860215551583,0.10975744564032992,0.038757122769808881,0.33379336298578577,0.41696612098742569,-0.51951778621772682,-0.54391147180058419],[0.69944037497418055,-0.023392970882993473,0.33485927163150514,0.47385237775216338,0.55864236729199135,0.33728859072814327,0.33071105895475966,0.075154354604291151,-0.022279605024885966,0.016660492455944871,-0.04146676733395302,-0.13486883148332174,-0.23019631751731576,-0.21564423075857803,0.1399064289312057,0.072981601350119316,-0.05758283565274018,0.13369692530604976,-0.079075897510439142,-0.14475352845098957,-0.087900490495340072,-0.11896322579884282,-0.4984503441854678,-0.59192975732660857,0.70305496658734612,0.39882583635350588,0.67006587336733325,0.32190311194284588,1,0.65616501192599141,-0.39940952952444725,0.33065705582846672,0.20717458568487385,0.36659622123537045,0.27393736647394418,0.5650561368783269,0.42419122268085002,-0.20192459489655903],[0.45022050938009239,0.46154997768828987,0.49526750178798501,0.5040120601157313,0.75113952599346556,0.68487841931479532,0.67443987362191926,-0.24053694845179241,-0.35600064018050936,-0.069753960854366096,-0.080775086459362017,-0.087149163546241457,-0.16017247673893584,-0.19605943471393569,0.17205174401493131,0.21683588493726613,0.21703638025101399,-0.00066681296712712971,-0.054021400823927909,-0.078170699485425446,0.21590233069518952,0.11373997347485997,-0.25960725676388202,-0.19045896842924062,0.63832471313923955,0.82277971719657661,0.85659520698667579,0.66940559804231725,0.65616501192599141,1,-0.70577080130634173,0.31015210545530497,0.17047625921125509,0.37241629325289999,0.49540839605661652,0.55356455618131128,-0.023551051612841239,-0.3542473442845912],[-0.45477144904044353,-0.89781087460971432,-0.88620069858454431,-0.72484949858062075,-0.91793912500957131,-0.90121637666893917,-0.90257699400850511,-0.45145193982380538,-0.24144445862508057,-0.61891036803873922,-0.37628271964842097,-0.36482635957834297,-0.31620911876652785,-0.32975773109914797,-0.48063649612459691,-0.67484487401263116,-0.75158529894853621,-0.54363637948884047,-0.56208601487786769,-0.49177393777806311,-0.28345028044871268,-0.20509979173422285,-0.20393256720805406,-0.26500710881705969,0.023838606956023644,-0.23993025584099339,-0.26257698255606093,-0.061615166394036296,-0.39940952952444725,-0.70577080130634173,1,0.19700439737104564,0.28623274036715463,-0.053543925202583956,-0.022086539702281381,0.0085761803879262528,-0.038347555986458115,0.34095034986894857],[-0.41168455255011127,-0.47013783285543437,-0.58639754750065698,-0.59907810413915052,-0.32184328685096403,-0.45334403649810912,-0.46344771522541278,-0.54495781638373209,-0.85742151005178502,-0.74772800647074333,-0.95487798273145119,-0.97137164936377074,-0.98803923941537497,-0.98867026229062571,-0.85651346961329933,-0.84039165919061698,-0.78624985814474624,-0.8541605063796156,-0.90017660774096542,-0.94754421436582148,-0.74848748595911097,-0.79472583642538641,-0.95991358233219237,-0.87556903740025793,0.79427813960565385,0.64398647530530329,0.6766393196108037,0.22506860215551583,0.33065705582846672,0.31015210545530497,0.19700439737104564,1,0.98765552509770549,0.94677103973579668,0.95007257310474058,0.95169979035376306,0.59834879984863221,0.65427185979658986],[-0.53346771777992341,-0.51832780535413758,-0.67363790682706359,-0.70994205019620027,-0.44518033920740857,-0.56227066025620986,-0.57081472037391623,-0.51656608714265229,-0.84267441821803268,-0.74852256703934739,-0.98429700421909372,-0.99576128909038208,-0.99846712535483961,-0.99282752327625157,-0.92624874035714178,-0.89777195063415338,-0.8252224738586712,-0.8885127238874001,-0.91362880274297875,-0.96148661771995014,-0.81743452790193394,-0.85333983915506584,-0.94183778760054826,-0.85232019423311745,0.69756999545528275,0.54296651861781087,0.55636548503607808,0.10975744564032992,0.20717458568487385,0.17047625921125509,0.28623274036715463,0.98765552509770549,1,0.93588130356009747,0.92168029621470249,0.89211343066219995,0.62439400701279835,0.7544740900895921],[-0.39738087077220624,-0.23396487064644761,-0.38501056820692492,-0.49135450501294736,-0.154458478594177,-0.29531491905250024,-0.30239130411456167,-0.29183069292763314,-0.73180457408740107,-0.50492934810453072,-0.88014362290499681,-0.90477386441110119,-0.92401797717887635,-0.90278831187829645,-0.80367477727558978,-0.69505194559692651,-0.59064863389596822,-0.6975322819731985,-0.72333503460899107,-0.80963380591719791,-0.8075768139454752,-0.86566852197879984,-0.91830272128943047,-0.81388868985647533,0.67753630176112267,0.57077362549746069,0.61241331726125736,0.038757122769808881,0.36659622123537045,0.37241629325289999,-0.053543925202583956,0.94677103973579668,0.93588130356009747,1,0.93630320580007009,0.90241874318613047,0.7397598921826396,0.71524530860740121],[-0.41875117067161499,-0.2061337476104865,-0.41669120386749764,-0.48686290374034913,-0.14319550053472319,-0.22849925707234769,-0.23941504096382496,-0.57304175936620505,-0.9099220969321381,-0.68264962329516921,-0.90066161954229784,-0.89256244243864158,-0.90856489958646303,-0.9226200200488156,-0.76938127998060213,-0.69704373931924224,-0.59630789935129136,-0.80955042944181999,-0.80565915120405673,-0.84835652273658557,-0.60716562952190767,-0.68336482181638347,-0.84539653321411645,-0.70722278395239024,0.75856319846291476,0.78841001564446578,0.75329798812609761,0.33379336298578577,0.27393736647394418,0.49540839605661652,-0.022086539702281381,0.95007257310474058,0.92168029621470249,0.93630320580007009,1,0.92957586195190245,0.45775999846059823,0.55194086870415993],[-0.13191212461074575,-0.35041592395452342,-0.37052028440062801,-0.33431784447027252,-0.056015229522286408,-0.21267700846611473,-0.22488375051561579,-0.54094517547893839,-0.80824064872184775,-0.68043117900331018,-0.8242721711305685,-0.85304742082493545,-0.89702946837695885,-0.90731895176835087,-0.65674775906746208,-0.66684967071155055,-0.65589509320372474,-0.71441815739456327,-0.80357567804849106,-0.84958611868959877,-0.57224166117280773,-0.63340602827471759,-0.93431121104528125,-0.8714751925713079,0.92660590654908093,0.77913107925651248,0.85660783237032678,0.41696612098742569,0.5650561368783269,0.55356455618131128,0.0085761803879262528,0.95169979035376306,0.89211343066219995,0.90241874318613047,0.92957586195190245,1,0.52600103787104402,0.41747628615276328],[-0.19232380818654071,-0.26386821472088912,-0.22024058008431319,-0.33189230780807,-0.15175615410252058,-0.35328559567148526,-0.35078839814189661,0.32515360995535553,-0.12395317611604205,-0.014906337324160628,-0.52238318419605179,-0.60367604782874906,-0.62329165936409636,-0.54405718458939945,-0.57715090468267338,-0.46216889422429891,-0.40605933760399793,-0.24216951931327158,-0.32781760370627855,-0.46058277130648739,-0.89155507654171762,-0.88813139784102391,-0.73562334848963151,-0.74678530548229094,0.29828058579212086,-0.062316797396750653,0.12203813519025511,-0.51951778621772682,0.42419122268085002,-0.023551051612841239,-0.038347555986458115,0.59834879984863221,0.62439400701279835,0.7397598921826396,0.45775999846059823,0.52600103787104402,1,0.75314402657509527],[-0.78674573495297362,-0.40769964906438727,-0.6518730748004371,-0.83203436432578226,-0.64314934482876596,-0.7097080774073482,-0.70731550966314338,-0.012900104963674832,-0.42239706400656968,-0.33114896831683333,-0.77173603518989953,-0.78169115815160872,-0.73966135199222793,-0.68629334825505073,-0.90045153385496168,-0.76468187840337076,-0.61583304235428804,-0.62867282017699833,-0.5761944387189234,-0.65550482502866214,-0.95526595434783745,-0.9472250908124884,-0.6392870156272471,-0.55663912289450157,0.084208889298234224,-0.07250393264441983,-0.090610940200507042,-0.54391147180058419,-0.20192459489655903,-0.3542473442845912,0.34095034986894857,0.65427185979658986,0.7544740900895921,0.71524530860740121,0.55194086870415993,0.41747628615276328,0.75314402657509527,1]],"x":["BAYES_REG","CI_CREDIBLE","BIAS_VAR","BINOM_FLAT","MSE_COMPARE","BOX_MULLER","MARKOV","VB","MH","MLE_EFFICIENCY","DIRICHLET","NORMAL_GAMMA","BETA_BINOM","HMC","STATIONARY","CONCEPTUAL","REGRESSION","GIBBS","HIERARCHICAL","OPT_SCALED","PPC","RJMCMC","GAMMA_POISSON","MINIMAX","RC_BOUND","GAMBLER","MLE_MAP","HPD","BAYES_FACTOR","LOG_ML","ABC","JEFFREYS","UNIFORM_MLE","ORDER_STAT","BAYES_RISK","FISHER_INFO","DISC_MEDIAN","RANGE_DIST"],"y":["BAYES_REG","CI_CREDIBLE","BIAS_VAR","BINOM_FLAT","MSE_COMPARE","BOX_MULLER","MARKOV","VB","MH","MLE_EFFICIENCY","DIRICHLET","NORMAL_GAMMA","BETA_BINOM","HMC","STATIONARY","CONCEPTUAL","REGRESSION","GIBBS","HIERARCHICAL","OPT_SCALED","PPC","RJMCMC","GAMMA_POISSON","MINIMAX","RC_BOUND","GAMBLER","MLE_MAP","HPD","BAYES_FACTOR","LOG_ML","ABC","JEFFREYS","UNIFORM_MLE","ORDER_STAT","BAYES_RISK","FISHER_INFO","DISC_MEDIAN","RANGE_DIST"],"colorscale":[["0","#FF4757"],["0.5","#0D1426"],["1","#00FFE0"]],"zmin":-1,"zmax":1,"colorbar":{"title":"r","tickfont":{"color":"#E8F4F8"},"titlefont":{"color":"#00FFE0"}},"hovertemplate":"%{x} <c3><97> %{y}<br>r = %{z:.3f}<extra><\/extra>","alpha_stroke":1,"sizes":[10,100],"spans":[1,20],"type":"heatmap"}},"layout":{"margin":{"b":40,"l":60,"t":25,"r":10},"title":{"text":"Task-Type Correlation Matrix","font":{"color":"#00FFE0","size":15}},"xaxis":{"domain":[0,1],"automargin":true,"tickfont":{"color":"#E8F4F8","size":9},"tickangle":45,"title":[]},"yaxis":{"domain":[0,1],"automargin":true,"tickfont":{"color":"#E8F4F8","size":9},"title":[]},"paper_bgcolor":"#0A0F1E","plot_bgcolor":"#0D1426","font":{"color":"#E8F4F8"},"scene":{"zaxis":{"title":[]}},"hovermode":"closest","showlegend":false,"legend":{"yanchor":"top","y":0.5}},"source":"A","config":{"modeBarButtonsToAdd":["hoverclosest","hovercompare"],"showSendToCloud":false},"data":[{"colorbar":{"title":"r","ticklen":2,"tickfont":{"color":"#E8F4F8"},"titlefont":{"color":"#00FFE0"},"len":0.5,"lenmode":"fraction","y":1,"yanchor":"top"},"colorscale":[["0","#FF4757"],["0.5","#0D1426"],["1","#00FFE0"]],"showscale":true,"z":[[1,0.26848791194710037,0.7026659255347627,0.89684906114191199,0.75383093265775203,0.65814080391843355,0.65669447524598201,0.29257792651093378,0.51677058729611969,0.43398341291882614,0.65266818206593913,0.58775977157752191,0.50721824376952818,0.50071864942537336,0.78879352249138646,0.66444604889915548,0.47459915888100568,0.68715234523978919,0.51473640046285751,0.51560098915934538,0.58294622613077185,0.58357061028971569,0.24811106885711307,0.097526740317080807,0.17010324616728445,0.021485810387430082,0.23384055011691085,0.33206267536841116,0.69944037497418055,0.45022050938009239,-0.45477144904044353,-0.41168455255011127,-0.53346771777992341,-0.39738087077220624,-0.41875117067161499,-0.13191212461074575,-0.19232380818654071,-0.78674573495297362],[0.26848791194710037,1,0.86381745105330698,0.65881224838342967,0.78458551940996546,0.87900890353920602,0.8834805469404291,0.45556094852799134,0.34565766217599742,0.69975373636944027,0.53799154739580468,0.56943612753347139,0.55750244014934791,0.55868879869803345,0.57562026973491665,0.78755122471919059,0.90392625780760827,0.61075747646312561,0.71956471288824564,0.68798847942245911,0.47576424929682465,0.41028499815249653,0.54782683434785406,0.63821647700291595,-0.38064582443203848,0.049458141514443714,-0.046513344746373871,-0.024939514490435008,-0.023392970882993473,0.46154997768828987,-0.89781087460971432,-0.47013783285543437,-0.51832780535413758,-0.23396487064644761,-0.2061337476104865,-0.35041592395452342,-0.26386821472088912,-0.40769964906438727],[0.7026659255347627,0.86381745105330698,1,0.93481865697572641,0.94102105521003121,0.95119581094046357,0.955447861581177,0.58670243614786632,0.59719981838732517,0.80711555877868302,0.75501170962322417,0.73654141786022775,0.68882163753084069,0.69800186194258362,0.82536170042673129,0.92910566750387735,0.91998184209703893,0.84893136170800931,0.83674266338369896,0.80253786188495368,0.59507523708188381,0.55625484580397577,0.53686102032421457,0.51438352585103508,-0.25650459262376651,-0.055269940024738257,0.0013268450763125289,0.035915850325900001,0.33485927163150514,0.49526750178798501,-0.88620069858454431,-0.58639754750065698,-0.67363790682706359,-0.38501056820692492,-0.41669120386749764,-0.37052028440062801,-0.22024058008431319,-0.6518730748004371],[0.89684906114191199,0.65881224838342967,0.93481865697572641,1,0.91761674278184691,0.90184480030243808,0.90331104611659807,0.43849574434856253,0.5996700943542107,0.67192719792081412,0.80131771258178075,0.76970663298451891,0.70648520322422892,0.69956930521681948,0.91282026166574093,0.90234469191783562,0.80240990976930127,0.84017531777195209,0.76255192583404963,0.75817572415816314,0.71957975467808,0.69647584766099802,0.51023481746086408,0.42879079826625333,-0.10130877393166304,-0.011365708346671334,0.099227037306087812,0.23758087750787277,0.47385237775216338,0.5040120601157313,-0.72484949858062075,-0.59907810413915052,-0.70994205019620027,-0.49135450501294736,-0.48686290374034913,-0.33431784447027252,-0.33189230780807,-0.83203436432578226],[0.75383093265775203,0.78458551940996546,0.94102105521003121,0.91761674278184691,0.99999999999999989,0.96630738453285392,0.96540998141053913,0.36179267502429691,0.33915837938269366,0.58091819247364129,0.55013838096283896,0.52529680921478006,0.45644275515275523,0.45158419498692842,0.70317206448338099,0.780403011116381,0.7544879552338799,0.65620617498432832,0.60658741952023965,0.57033861920637718,0.52705794852938126,0.463740048265188,0.2831505071600745,0.27513806515210565,0.080261954992866008,0.25773568405530456,0.3385259437422849,0.28671423613996105,0.55864236729199135,0.75113952599346556,-0.91793912500957131,-0.32184328685096403,-0.44518033920740857,-0.154458478594177,-0.14319550053472319,-0.056015229522286408,-0.15175615410252058,-0.64314934482876596],[0.65814080391843355,0.87900890353920602,0.95119581094046357,0.90184480030243808,0.96630738453285392,1,0.99986790404388148,0.31787100179742023,0.35033459987580601,0.6018955494057785,0.62726769180472908,0.63132737722258792,0.58039487238429655,0.56265296980557622,0.76207531814732754,0.85267851192324073,0.853526882985573,0.67512945432329841,0.68077107677630588,0.66925710372864711,0.66444865427607136,0.59941501076832449,0.46984812368143053,0.49009425356969055,-0.079789839769923585,0.2249611892723368,0.22761735024711582,0.3047827871804637,0.33728859072814327,0.68487841931479532,-0.90121637666893917,-0.45334403649810912,-0.56227066025620986,-0.29531491905250024,-0.22849925707234769,-0.21267700846611473,-0.35328559567148526,-0.7097080774073482],[0.65669447524598201,0.8834805469404291,0.955447861581177,0.90331104611659807,0.96540998141053913,0.99986790404388148,1,0.33195213163338633,0.36316635666502811,0.6145402826201033,0.63561553009567018,0.63939654911163879,0.58916638105029739,0.57259327521823955,0.76649649533926822,0.85932302247273418,0.86124873144230252,0.68495400923365424,0.69172216793554775,0.67936929292224901,0.66372417578676535,0.59972661528356819,0.47843077208010848,0.49786161967017661,-0.09409347374441257,0.21003752154869712,0.21292718111185294,0.29013385309082046,0.33071105895475966,0.67443987362191926,-0.90257699400850511,-0.46344771522541278,-0.57081472037391623,-0.30239130411456167,-0.23941504096382496,-0.22488375051561579,-0.35078839814189661,-0.70731550966314338],[0.29257792651093378,0.45556094852799134,0.58670243614786632,0.43849574434856253,0.36179267502429691,0.31787100179742023,0.33195213163338633,0.99999999999999978,0.84545472895394858,0.92446233527301747,0.58939705458699454,0.5322213538849504,0.52735392267065639,0.60822019632554147,0.44001928578585825,0.58930775651506284,0.61763142474309207,0.78405354825502116,0.77177036003278909,0.67977589090679436,-0.011831946985818144,0.024412034590253658,0.38372457839965168,0.3065365011734163,-0.61525304952810866,-0.72132125976788064,-0.59277622647028161,-0.76537397670621843,0.075154354604291151,-0.24053694845179241,-0.45145193982380538,-0.54495781638373209,-0.51656608714265229,-0.29183069292763314,-0.57304175936620505,-0.54094517547893839,0.32515360995535553,-0.012900104963674832],[0.51677058729611969,0.34565766217599742,0.59719981838732517,0.5996700943542107,0.33915837938269366,0.35033459987580601,0.36316635666502811,0.84545472895394858,1,0.88358090192468253,0.88222895791111744,0.83941211273316529,0.83533864472264097,0.88200288325603016,0.75129885799504648,0.75771151818126425,0.68263126375758276,0.92703735164249146,0.8908129572834077,0.87175065729837953,0.41121760593736756,0.4752660389695384,0.6924921395703858,0.55065058505974285,-0.70210733130798131,-0.80665447341068086,-0.69040658372474317,-0.51911915255773811,-0.022279605024885966,-0.35600064018050936,-0.24144445862508057,-0.85742151005178502,-0.84267441821803268,-0.73180457408740107,-0.9099220969321381,-0.80824064872184775,-0.12395317611604205,-0.42239706400656968],[0.43398341291882614,0.69975373636944027,0.80711555877868302,0.67192719792081412,0.58091819247364129,0.6018955494057785,0.6145402826201033,0.92446233527301747,0.88358090192468253,1,0.80240549968252017,0.77287372590078873,0.7644057550175497,0.8170167560905639,0.70249914600026253,0.84463111461377161,0.86819057307099734,0.92791338331125772,0.94772689919470676,0.8903929807154547,0.34069718161488977,0.35725454694157921,0.64259948935154854,0.58622216718607945,-0.67789358541708711,-0.60508163854892671,-0.53965962064411721,-0.53305286881237257,0.016660492455944871,-0.069753960854366096,-0.61891036803873922,-0.74772800647074333,-0.74852256703934739,-0.50492934810453072,-0.68264962329516921,-0.68043117900331018,-0.014906337324160628,-0.33114896831683333],[0.65266818206593913,0.53799154739580468,0.75501170962322417,0.80131771258178075,0.55013838096283896,0.62726769180472908,0.63561553009567018,0.58939705458699454,0.88222895791111744,0.80240549968252017,1,0.9926370296